20
2921
737
2731
2367
218
44
2458
1234
1377
2298
585
1218
3022
4010
2056
2503
3346
2853
2257
3917
2946
2985
2946
883
1469
486
3687
151
2335
1176
650
2688
601
938
2152
1144
3415
1198
2541
3977
2742
540
2866
1016
2792
1174
2243
3292
2709
929
2667
3124
1497
721
1997
2066
811
1091
1288
2673
2386
334
3309
3374
6
412
2828
3094
1
3849
4087
3941
744
1873
2106
2164
1910
2279
390
3233
551
739
1629
3330
875
2136
3094
3432
2219
3964
1231
173
3803
3450
374
902
2466
1427
3361
3280
3058
2032
4014
984
2406
2885
4079
235
1457
210
2975
3560
50
3973
3090
3905
3451
1165
475
535
1284
202
3156
970
2408
4062
957
3478
3279
2125
1269
3134
1342
1137
2443
1332
3762
1456
2180
792
3021
1129
1297
2860
2798
963
243
1034
105
2314
4093
2162
425
1708
3624
2658
2288
2162
2472
1297
1433
1533
2068
3637
1330
4022
68
2403
1027
4008
1083
464
2562
3050
3776
2960
1450
2006
1868
3294
194
3207
1422
3472
3427
2693
3681
3756
1618
2468
3975
1668
3259
715
1670
1456
3366
167
2996
906
463
3591
2966
3092
1633
2783
1579
696
1067
3815
1414
1932
2660
2774
2806
259
1572
2741
2116
1361
1283
1121
718
2175
2398
351
2393
1191
3365
2066
4053
1404
1627
2811
1106
1119
3040
786
2910
2303
2384
2006
689
467
3158
1481
3980
2311
2782
542
3099
138
3190
2844
2154